[{"block_id":1,"transformations":[{"id":"5OMF","selection":{"asym_id":"A","beg_seq_id":1,"end_seq_id":774},"matrix":[1,0,0,0,0,1,0,0,0,0,1,0,0,0,0,1]},{"id":"2PYL","selection":{"asym_id":"C","beg_seq_id":1,"end_seq_id":575},"matrix":[-0.765470394467568,0.6384143721780227,-0.08051189098640965,0,0.4647962741517893,0.46204660806840064,-0.7552995137739072,0,-0.44499381875289123,-0.6155810437050732,-0.6504156208938191,0,-54.0479149188725,25.465422651136905,-23.47186839043041,1]}]},{"block_id":2,"transformations":[{"id":"5OMF","selection":{"asym_id":"A","beg_seq_id":1,"end_seq_id":774},"matrix":[1,0,0,0,0,1,0,0,0,0,1,0,0,0,0,1]},{"id":"2PYL","selection":{"asym_id":"C","beg_seq_id":1,"end_seq_id":575},"matrix":[-0.281483436544569,0.8846225100780686,0.37176617599539324,0,0.6251971139387207,0.4629850742898104,-0.6283099471658501,0,-0.7279393131805387,0.05556829714897438,-0.6833860700059736,0,-54.088949328122006,41.350061796453275,-12.59209528949981,1]}]},{"block_id":3,"transformations":[{"id":"5OMF","selection":{"asym_id":"A","beg_seq_id":1,"end_seq_id":774},"matrix":[1,0,0,0,0,1,0,0,0,0,1,0,0,0,0,1]},{"id":"2PYL","selection":{"asym_id":"C","beg_seq_id":1,"end_seq_id":575},"matrix":[-0.26476317880033456,0.9087843128536777,0.3225081888303171,0,0.8672915313729749,0.37061512485868314,-0.33233992964238146,0,-0.42155172726518697,0.1917172447565739,-0.8863061769516705,0,-50.34614482507528,44.634720477558844,-18.33474967006582,1]}]},{"block_id":4,"transformations":[{"id":"5OMF","selection":{"asym_id":"A","beg_seq_id":1,"end_seq_id":774},"matrix":[1,0,0,0,0,1,0,0,0,0,1,0,0,0,0,1]},{"id":"2PYL","selection":{"asym_id":"C","beg_seq_id":1,"end_seq_id":575},"matrix":[0.8237792502941186,-0.2650721398996863,-0.5011232457528403,0,0.472488696047,-0.16745217366381834,0.8652827293105232,0,-0.3132765214513623,-0.9495770269884714,-0.012700036341310228,0,-16.579470958845825,-0.9240828335139142,1.4331028811893987,1]}]},{"block_id":5,"transformations":[{"id":"5OMF","selection":{"asym_id":"A","beg_seq_id":1,"end_seq_id":774},"matrix":[1,0,0,0,0,1,0,0,0,0,1,0,0,0,0,1]},{"id":"2PYL","selection":{"asym_id":"C","beg_seq_id":1,"end_seq_id":575},"matrix":[-0.3669113125262876,0.8443569817309482,0.39043229392871825,0,0.8175043683215688,0.4929486030086685,-0.29780577994215485,0,-0.4439174433556203,0.20991179622404713,-0.8711339399257755,0,-53.87019434398604,42.76170099868135,-16.465769017070542,1]}]}]